5.377874374389648438e-01
5.257160663604736328e-01
5.310572385787963867e-01
5.082242488861083984e-01
5.113942027091979980e-01
5.206095576286315918e-01
5.012720823287963867e-01
5.134333968162536621e-01
5.140010118484497070e-01
5.130401253700256348e-01
5.163171291351318359e-01
4.935702681541442871e-01
5.355126857757568359e-01
5.119459629058837891e-01
5.244639515876770020e-01
5.159384012222290039e-01
4.997906982898712158e-01
5.123661160469055176e-01
5.103549957275390625e-01
5.304061174392700195e-01
5.059369206428527832e-01
5.139764547348022461e-01
5.068255066871643066e-01
4.920302629470825195e-01
5.107437372207641602e-01
5.043033957481384277e-01
4.914824664592742920e-01
5.009887218475341797e-01
5.127115249633789062e-01
5.019096732139587402e-01
4.959531128406524658e-01
4.831625223159790039e-01
5.067189931869506836e-01
5.038132667541503906e-01
4.917873144149780273e-01
5.027896165847778320e-01
4.814829826354980469e-01
4.806682169437408447e-01
4.860155880451202393e-01
4.919790029525756836e-01
4.985289871692657471e-01
4.865088760852813721e-01
4.879052042961120605e-01
4.821256697177886963e-01
4.741762578487396240e-01
4.688735902309417725e-01
4.763077497482299805e-01
4.570454955101013184e-01
4.743150770664215088e-01
4.565555155277252197e-01
4.605350196361541748e-01
4.763871729373931885e-01
4.729466438293457031e-01
4.554771780967712402e-01
4.626439213752746582e-01
4.778820872306823730e-01
4.706169962882995605e-01
4.646883308887481689e-01
4.597640037536621094e-01
4.586707651615142822e-01
4.489968121051788330e-01
4.466384649276733398e-01
4.477153718471527100e-01
4.480981528759002686e-01
4.428421556949615479e-01
4.489416182041168213e-01
4.567560553550720215e-01
4.408411085605621338e-01
4.264261424541473389e-01
4.201731383800506592e-01
4.225517809391021729e-01
4.138456583023071289e-01
4.289068877696990967e-01
4.246079325675964355e-01
4.299067258834838867e-01
4.204474091529846191e-01
4.200844466686248779e-01
4.046071171760559082e-01
4.105980098247528076e-01
4.083564877510070801e-01
3.956488370895385742e-01
3.940639793872833252e-01
3.997763395309448242e-01
4.243536293506622314e-01
3.945371508598327637e-01
3.806435465812683105e-01
3.791826069355010986e-01
3.806107044219970703e-01
3.875389695167541504e-01
3.926238715648651123e-01
3.698843419551849365e-01
3.784144520759582520e-01
3.752306997776031494e-01
3.580395579338073730e-01
3.639076054096221924e-01
3.690813183784484863e-01
3.688361346721649170e-01
3.570563197135925293e-01
3.406394422054290771e-01
3.626703023910522461e-01
3.588271737098693848e-01
3.488275706768035889e-01
3.411772549152374268e-01
3.352227807044982910e-01
3.422002792358398438e-01
3.214734494686126709e-01
3.264434337615966797e-01
3.091089129447937012e-01
3.186198472976684570e-01
3.116388916969299316e-01
3.170869052410125732e-01
3.137501776218414307e-01
2.978639900684356689e-01
3.022592067718505859e-01
3.055110573768615723e-01
2.938150763511657715e-01
2.870440483093261719e-01
2.877019941806793213e-01
2.930681407451629639e-01
2.654307782649993896e-01
2.745816707611083984e-01
2.727923989295959473e-01
2.592543065547943115e-01
2.659068107604980469e-01
2.582380771636962891e-01
2.450001537799835205e-01
2.566638290882110596e-01
2.550274729728698730e-01
2.424353063106536865e-01
2.357394397258758545e-01
2.274982035160064697e-01
2.344786077737808228e-01
2.358460575342178345e-01
2.209186851978302002e-01
2.199193537235260010e-01
2.193278223276138306e-01
2.288879454135894775e-01
2.142675518989562988e-01
2.004080116748809814e-01
1.909736692905426025e-01
1.989899575710296631e-01
1.902449131011962891e-01
1.876282840967178345e-01
1.931211799383163452e-01
1.872700899839401245e-01
1.775175631046295166e-01
1.815684139728546143e-01
1.578185111284255981e-01
1.692368537187576294e-01
1.651688963174819946e-01
1.476227790117263794e-01
1.558066755533218384e-01
1.525477617979049683e-01
1.549042910337448120e-01
1.367166191339492798e-01
1.388624459505081177e-01
1.407202780246734619e-01
1.390324234962463379e-01
1.276176571846008301e-01
1.232783198356628418e-01
1.247622817754745483e-01
1.158424764871597290e-01
1.095484942197799683e-01
1.214689835906028748e-01
1.063392236828804016e-01
1.117297410964965820e-01
1.059082299470901489e-01
1.027929261326789856e-01
9.329105168581008911e-02
9.563536942005157471e-02
9.433992207050323486e-02
8.847805857658386230e-02
8.176841586828231812e-02
8.376622200012207031e-02
7.733346521854400635e-02
7.301083207130432129e-02
7.457540929317474365e-02
7.664270699024200439e-02
7.364343106746673584e-02
7.161302864551544189e-02
6.566889584064483643e-02
6.527563929557800293e-02
6.418351083993911743e-02
6.153604015707969666e-02
5.821271985769271851e-02
5.920935422182083130e-02
5.391494929790496826e-02
5.286120995879173279e-02
5.288045853376388550e-02
5.270829051733016968e-02
5.262625962495803833e-02
4.636447504162788391e-02
4.780615866184234619e-02
4.649025574326515198e-02
4.383168369531631470e-02
4.236941039562225342e-02
3.851104155182838440e-02
3.930641710758209229e-02
3.870014101266860962e-02
3.872930631041526794e-02
3.506978601217269897e-02
3.639702126383781433e-02
3.522466868162155151e-02
3.422571718692779541e-02
3.442056104540824890e-02
3.328975290060043335e-02
3.146158531308174133e-02
3.111253865063190460e-02
3.198001533746719360e-02
3.041532821953296661e-02
3.067953884601593018e-02
2.892503887414932251e-02
2.586970850825309753e-02
2.624752558767795563e-02
2.750056423246860504e-02
2.882099524140357971e-02
2.809662930667400360e-02
2.806264534592628479e-02
2.699503302574157715e-02
2.866148576140403748e-02
2.831411734223365784e-02
2.850059047341346741e-02
2.747044339776039124e-02
2.546722255647182465e-02
2.887050993740558624e-02
2.552551217377185822e-02
2.474071085453033447e-02
2.856736071407794952e-02
2.897022664546966553e-02
2.960005775094032288e-02
2.744431234896183014e-02
3.342263028025627136e-02
2.884408459067344666e-02
3.296116739511489868e-02
3.069888800382614136e-02
3.514732792973518372e-02
3.269410505890846252e-02
3.396112099289894104e-02
3.641732037067413330e-02
3.442380949854850769e-02
3.440766036510467529e-02
3.470225632190704346e-02
4.111967608332633972e-02
4.023338109254837036e-02
3.944465890526771545e-02
4.040578007698059082e-02
4.657385125756263733e-02
4.409180209040641785e-02
4.463425278663635254e-02
5.363084375858306885e-02
4.685061797499656677e-02
5.284822359681129456e-02
5.116969719529151917e-02
5.302640423178672791e-02
5.362812802195549011e-02
6.117382273077964783e-02
6.214191019535064697e-02
5.961665511131286621e-02
6.636811792850494385e-02
6.229951977729797363e-02
7.072755694389343262e-02
6.882651150226593018e-02
6.454630941152572632e-02
7.391866296529769897e-02
7.178376615047454834e-02
7.577869296073913574e-02
7.948233187198638916e-02
7.489594072103500366e-02
7.911802083253860474e-02
8.188336342573165894e-02
8.231820166110992432e-02
9.037441015243530273e-02
8.945090323686599731e-02
9.389146417379379272e-02
9.312514960765838623e-02
8.860902488231658936e-02
9.639506787061691284e-02
9.791789203882217407e-02
9.981514513492584229e-02
1.002000570297241211e-01
1.003839075565338135e-01
1.040983870625495911e-01
1.070946827530860901e-01
1.037571579217910767e-01
1.085134223103523254e-01
1.138869747519493103e-01
1.143957972526550293e-01
1.139379292726516724e-01
1.161385104060173035e-01
1.221980899572372437e-01
1.186242327094078064e-01
1.228678226470947266e-01
1.243656054139137268e-01
1.313356459140777588e-01
1.283593028783798218e-01
1.268507838249206543e-01
1.253384649753570557e-01
1.309107542037963867e-01
1.318823248147964478e-01
1.326886415481567383e-01
1.310470253229141235e-01
1.327709555625915527e-01
1.334009021520614624e-01
1.351393014192581177e-01
1.400339156389236450e-01
1.353609710931777954e-01
1.372658908367156982e-01
1.432972550392150879e-01
1.390711069107055664e-01
1.411266177892684937e-01
1.385120600461959839e-01
1.427112668752670288e-01
1.428925395011901855e-01
1.410371065139770508e-01
1.427237838506698608e-01
1.418175250291824341e-01
1.435497254133224487e-01
1.384975910186767578e-01
1.444456130266189575e-01
1.462511718273162842e-01
1.461997628211975098e-01
1.419042348861694336e-01
1.423579454421997070e-01
1.440217196941375732e-01
1.431221365928649902e-01
1.453063786029815674e-01
1.472203433513641357e-01
1.433008015155792236e-01
1.423214524984359741e-01
1.455079019069671631e-01
1.386549919843673706e-01
1.396508812904357910e-01
1.377366036176681519e-01
1.383134722709655762e-01
1.420605778694152832e-01
1.390880048274993896e-01
1.406547725200653076e-01
1.380707770586013794e-01
1.384973078966140747e-01
1.373609602451324463e-01
1.342128962278366089e-01
1.373148560523986816e-01
1.347951442003250122e-01
1.334043890237808228e-01
1.372654885053634644e-01
1.305484622716903687e-01
1.305375099182128906e-01
1.319216340780258179e-01
1.276455670595169067e-01
1.277503222227096558e-01
1.258262991905212402e-01
1.284111142158508301e-01
1.232227087020874023e-01
1.206225678324699402e-01
1.233261376619338989e-01
1.234037876129150391e-01
1.195358186960220337e-01
1.180936098098754883e-01
1.176752299070358276e-01
1.176124066114425659e-01
1.176314875483512878e-01
1.139290854334831238e-01
1.113444194197654724e-01
1.130936741828918457e-01
1.094761788845062256e-01
1.087615266442298889e-01
1.070140227675437927e-01
1.061505973339080811e-01
1.038502976298332214e-01
1.038213223218917847e-01
1.020814031362533569e-01
1.000214591622352600e-01
9.818802028894424438e-02
9.778644144535064697e-02
9.683901071548461914e-02
9.370260685682296753e-02
9.301814436912536621e-02
9.216644614934921265e-02
8.973420411348342896e-02
8.663016557693481445e-02
8.727955073118209839e-02
8.506315201520919800e-02
8.299330621957778931e-02
8.340401947498321533e-02
8.070877939462661743e-02
8.054818212985992432e-02
7.854966819286346436e-02
7.678722590208053589e-02
7.587210834026336670e-02
7.477883249521255493e-02
7.238715887069702148e-02
7.026620954275131226e-02
6.952702254056930542e-02
6.796240806579589844e-02
6.655796617269515991e-02
6.485113501548767090e-02
6.427507847547531128e-02
6.222322210669517517e-02
6.099405139684677124e-02
6.003930047154426575e-02
5.803785845637321472e-02
5.716170743107795715e-02
5.551234260201454163e-02
5.352908372879028320e-02
5.240451544523239136e-02
5.126614496111869812e-02
4.924314469099044800e-02
4.848644509911537170e-02
4.774125292897224426e-02
4.614526405930519104e-02
4.472203552722930908e-02
4.352305456995964050e-02
4.228582605719566345e-02
4.093060269951820374e-02
3.953706473112106323e-02
3.830167651176452637e-02
3.730665892362594604e-02
3.605866059660911560e-02
3.460849449038505554e-02
3.381462767720222473e-02
3.252172842621803284e-02
3.159511089324951172e-02
3.024673834443092346e-02
2.928992919623851776e-02
2.833556756377220154e-02
2.707911282777786255e-02
2.619389817118644714e-02
2.508169226348400116e-02
2.412602864205837250e-02
2.317305281758308411e-02
2.209526114165782928e-02
2.108927257359027863e-02
2.033958956599235535e-02
1.932533085346221924e-02
1.842119358479976654e-02
1.756213419139385223e-02
1.669203303754329681e-02
1.582134328782558441e-02
1.507402211427688599e-02
1.419720333069562912e-02
1.349054928869009018e-02
1.273690350353717804e-02
1.198756601661443710e-02
1.124903187155723572e-02
1.058683358132839203e-02
9.931590408086776733e-03
9.246752597391605377e-03
8.647534996271133423e-03
8.044134825468063354e-03
7.383381947875022888e-03
6.911294534802436829e-03
6.380391307175159454e-03
5.814988166093826294e-03
5.308175925165414810e-03
4.863769747316837311e-03
4.379289224743843079e-03
3.960720263421535492e-03
3.547835396602749825e-03
3.180527593940496445e-03
2.784668235108256340e-03
2.463032258674502373e-03
2.124390797689557076e-03
1.838564174249768257e-03
1.580552780069410801e-03
1.305565470829606056e-03
1.090485835447907448e-03
8.695211145095527172e-04
6.793688517063856125e-04
5.260390462353825569e-04
4.003822396043688059e-04
2.790406579151749611e-04
1.748756185406818986e-04
9.935361595125868917e-05
5.232872717897407711e-05
2.628983020258601755e-05
1.865924787125550210e-05
3.399567140149883926e-05
6.963537452975288033e-05
1.345991186099126935e-04
2.086584136122837663e-04
3.044836048502475023e-04
4.336745187174528837e-04
5.858751246705651283e-04
7.533599855378270149e-04
9.222459630109369755e-04
1.140527776442468166e-03
1.359975431114435196e-03
1.633649808354675770e-03
1.884227734990417957e-03
2.161205513402819633e-03
2.493771724402904510e-03
2.774833235889673233e-03
3.156588645651936531e-03
3.497522789984941483e-03
3.956207074224948883e-03
4.286354407668113708e-03
4.741751588881015778e-03
5.153246689587831497e-03
5.648042540997266769e-03
6.102055776864290237e-03
6.575819104909896851e-03
7.086953613907098770e-03
7.577975280582904816e-03
8.158177137374877930e-03
8.756532333791255951e-03
9.310628287494182587e-03
9.889313019812107086e-03
1.054086070507764816e-02
1.111463923007249832e-02
1.166444830596446991e-02
1.243310980498790741e-02
1.313400641083717346e-02
1.369327493011951447e-02
1.434827502816915512e-02
1.517535746097564697e-02
1.585955359041690826e-02
1.651074551045894623e-02
1.731387712061405182e-02
1.789723895490169525e-02
1.863002404570579529e-02
1.955411769449710846e-02
2.039430290460586548e-02
2.113398909568786621e-02
2.186126448214054108e-02
2.272643707692623138e-02
2.334089390933513641e-02
2.419736795127391815e-02
2.511851489543914795e-02
2.600781247019767761e-02
2.679344825446605682e-02
2.772728912532329559e-02
2.862286753952503204e-02
2.919759042561054230e-02
2.994747832417488098e-02
3.100712224841117859e-02
3.203101828694343567e-02
3.265354782342910767e-02
3.359469771385192871e-02
3.437130898237228394e-02
3.535544872283935547e-02
3.584933653473854065e-02
3.716702014207839966e-02
3.809906169772148132e-02
3.844863921403884888e-02
3.978491947054862976e-02
4.069365188479423523e-02
4.109729826450347900e-02
4.167519509792327881e-02
4.276615381240844727e-02
4.375662282109260559e-02
4.442412406206130981e-02
4.535877332091331482e-02
4.625436663627624512e-02
4.677920415997505188e-02
4.780080541968345642e-02
4.862879589200019836e-02
4.967625811696052551e-02
5.008800327777862549e-02
5.121166631579399109e-02
5.150656402111053467e-02
5.299595370888710022e-02
5.367818474769592285e-02
5.395230278372764587e-02
5.436103045940399170e-02
5.531369149684906006e-02
5.677181109786033630e-02
5.639770627021789551e-02
5.682686716318130493e-02
5.835502967238426208e-02
5.867424979805946350e-02
5.901258066296577454e-02
5.972320586442947388e-02
6.037511304020881653e-02
6.049213185906410217e-02
6.202595680952072144e-02
6.118309497833251953e-02
6.202631443738937378e-02
6.283070147037506104e-02
6.292647868394851685e-02
6.335990875959396362e-02
6.403945386409759521e-02
6.439090520143508911e-02
6.478788703680038452e-02
6.506227701902389526e-02
6.404075771570205688e-02
6.420005112886428833e-02
6.539110839366912842e-02
6.516335159540176392e-02
6.649126112461090088e-02
6.537742912769317627e-02
6.608644872903823853e-02
6.469528377056121826e-02
6.661228090524673462e-02
6.587611138820648193e-02
6.540223956108093262e-02
6.531015038490295410e-02
6.544081866741180420e-02
6.476029753684997559e-02
6.356500089168548584e-02
6.534374505281448364e-02
6.625677645206451416e-02
6.435737013816833496e-02
6.427124887704849243e-02
6.285265088081359863e-02
6.345745921134948730e-02
6.216473877429962158e-02
6.270048767328262329e-02
6.302481889724731445e-02
6.135211512446403503e-02
6.163777410984039307e-02
6.098140031099319458e-02
5.875941365957260132e-02
5.917410179972648621e-02
5.878918245434761047e-02
5.776289477944374084e-02
5.533410608768463135e-02
5.466813594102859497e-02
5.542360618710517883e-02
5.454646795988082886e-02
5.352690443396568298e-02
5.168398469686508179e-02
5.109648406505584717e-02
5.045399814844131470e-02
4.883052781224250793e-02
5.046505853533744812e-02
4.831774905323982239e-02
4.482883587479591370e-02
4.540384188294410706e-02
4.610024020075798035e-02
4.367269948124885559e-02
4.350685700774192810e-02
4.235700145363807678e-02
4.236445948481559753e-02
4.079071059823036194e-02
4.103510081768035889e-02
3.924851119518280029e-02
3.775712475180625916e-02
3.723850101232528687e-02
3.579855710268020630e-02
3.272083774209022522e-02
3.254304453730583191e-02
3.354584425687789917e-02
2.972243539988994598e-02
3.054554760456085205e-02
2.990134246647357941e-02
2.956455945968627930e-02
2.828501164913177490e-02
2.880677767097949982e-02
2.768463268876075745e-02
2.587522380053997040e-02
2.459635771811008453e-02
2.459962479770183563e-02
2.566930651664733887e-02
2.250923216342926025e-02
2.184487134218215942e-02
2.076123468577861786e-02
2.109989523887634277e-02
2.024819888174533844e-02
1.942768134176731110e-02
1.847517117857933044e-02
1.714905351400375366e-02
1.689251884818077087e-02
1.691000349819660187e-02
1.484177168458700180e-02
1.470012962818145752e-02
1.411114912480115891e-02
1.259058993309736252e-02
1.397988107055425644e-02
1.302500534802675247e-02
1.276716496795415878e-02
1.134043373167514801e-02
1.094623003154993057e-02
9.930109605193138123e-03
1.124183181673288345e-02
1.081523112952709198e-02
1.008626725524663925e-02
1.033620536327362061e-02
7.981413975358009338e-03
8.231127634644508362e-03
8.857641369104385376e-03
7.614702917635440826e-03
7.523417007178068161e-03
6.815670989453792572e-03
6.199439987540245056e-03
5.380649585276842117e-03
5.724428221583366394e-03
5.600745324045419693e-03
5.243695341050624847e-03
5.180385429412126541e-03
4.511554725468158722e-03
4.280398599803447723e-03
4.047020338475704193e-03
3.412305377423763275e-03
3.526247804984450340e-03
3.895918373018503189e-03
3.123722970485687256e-03
2.855753060430288315e-03
3.096441738307476044e-03
2.647242043167352676e-03
2.868677489459514618e-03
2.698616590350866318e-03
2.419150900095701218e-03
1.730249612592160702e-03
2.199099864810705185e-03
1.708208583295345306e-03
1.624680706299841404e-03
1.493873540312051773e-03
1.396450563333928585e-03
1.119033549912273884e-03
1.275092596188187599e-03
8.954271906986832619e-04
1.006400678306818008e-03
8.288595709018409252e-04
8.016192587092518806e-04
5.059532122686505318e-04
5.091894418001174927e-04
4.183903220109641552e-04
4.940187209285795689e-04
4.402478807605803013e-04
3.585034864954650402e-04
2.253746351925656199e-04
2.618792641442269087e-04
1.467482943553477526e-04
1.578591036377474666e-04
1.276007533306255937e-04
9.996480366680771112e-05
6.900835433043539524e-05
6.398932600859552622e-05
4.723764868685975671e-05
3.469062357908114791e-05
2.597554339445196092e-05
5.522709761862643063e-05
4.490683568292297423e-05
7.145386916818097234e-05
7.668857870157808065e-05
9.431784565094858408e-05
1.151603137259371579e-04
1.384514180244877934e-04
1.645774464122951031e-04
1.949595171026885509e-04
2.277978346683084965e-04
2.680811157915741205e-04
3.083383489865809679e-04
3.502178587950766087e-04
3.952713450416922569e-04
4.431404231581836939e-04
4.961881204508244991e-04
5.525107262656092644e-04
6.160110351629555225e-04
6.671358714811503887e-04
7.302357698790729046e-04
8.018836379051208496e-04
8.616018458269536495e-04
9.368763421662151814e-04
1.011957530863583088e-03
1.088073011487722397e-03
1.164292218163609505e-03
1.239810371771454811e-03
1.324323471635580063e-03
1.408484415151178837e-03
1.494394149631261826e-03
1.585606602020561695e-03
1.677618478424847126e-03
1.770180650055408478e-03
1.863896264694631100e-03
1.965991687029600143e-03
2.064498141407966614e-03
2.171328058466315269e-03
2.270029159262776375e-03
2.376280725002288818e-03
2.481352770701050758e-03
2.591944765299558640e-03
2.701245481148362160e-03
2.812071703374385834e-03
2.924568252637982368e-03
3.044336102902889252e-03
3.160199150443077087e-03
3.281581681221723557e-03
3.395300125703215599e-03
3.521030535921454430e-03
3.640194423496723175e-03
3.765826113522052765e-03
3.886572783812880516e-03
4.019375890493392944e-03
4.145911429077386856e-03
4.267609212547540665e-03
4.402926191687583923e-03
4.535119980573654175e-03
4.664066713303327560e-03
4.790070932358503342e-03
4.934674128890037537e-03
5.060765426605939865e-03
5.191644188016653061e-03
5.331613123416900635e-03
5.459248553961515427e-03
5.600961856544017792e-03
5.731973331421613693e-03
5.876846145838499069e-03
6.006953306496143341e-03
6.139029283076524734e-03
6.291728001087903976e-03
6.422364152967929840e-03
6.548835430294275284e-03
6.693586707115173340e-03
6.832608021795749664e-03
6.964686326682567596e-03
7.108298130333423615e-03
7.243375759571790695e-03
7.379975169897079468e-03
7.511490024626255035e-03
7.649439852684736252e-03
7.797586265951395035e-03
7.926061749458312988e-03
8.061417378485202789e-03
8.193127810955047607e-03
8.330886252224445343e-03
8.460521697998046875e-03
8.590522222220897675e-03
8.730935864150524139e-03
8.857308886945247650e-03
8.990911766886711121e-03
9.112138301134109497e-03
9.244715794920921326e-03
9.371216408908367157e-03
9.490579366683959961e-03
9.623153135180473328e-03
9.745132178068161011e-03
9.859233163297176361e-03
9.983396157622337341e-03
1.009847130626440048e-02
1.023194286972284317e-02
1.033517997711896896e-02
1.046842522919178009e-02
1.057080831378698349e-02
1.068176981061697006e-02
1.080266572535037994e-02
1.089926157146692276e-02
1.101309247314929962e-02
1.111384015530347824e-02
1.121245045214891434e-02
1.132556516677141190e-02
1.142262667417526245e-02
1.152284257113933563e-02
1.162131968885660172e-02
1.171325333416461945e-02
1.180338300764560699e-02
1.189724914729595184e-02
1.199005451053380966e-02
1.207591034471988678e-02
1.215339917689561844e-02
1.223949994891881943e-02
1.231489516794681549e-02
1.240309327840805054e-02
1.246915012598037720e-02
1.254576910287141800e-02
1.261670421808958054e-02
1.268300414085388184e-02
1.274540275335311890e-02
1.281447801738977432e-02
1.287460979074239731e-02
1.293521840125322342e-02
1.299454364925622940e-02
1.306328177452087402e-02
1.311247143894433975e-02
1.315391063690185547e-02
1.320476457476615906e-02
1.325073838233947754e-02
1.327719166874885559e-02
1.332259178161621094e-02
1.335644442588090897e-02
1.339134667068719864e-02
1.342098228633403778e-02
1.345687173306941986e-02
1.348304096609354019e-02
1.350522227585315704e-02
1.351681631058454514e-02
1.353773474693298340e-02
1.357053872197866440e-02
1.358261890709400177e-02
1.358739193528890610e-02
1.358421333134174347e-02
1.360356714576482773e-02
1.359993312507867813e-02
1.360117923468351364e-02
1.359248533844947815e-02
1.358524430543184280e-02
1.357832830399274826e-02
1.357105839997529984e-02
1.354992296546697617e-02
1.354530453681945801e-02
1.351602748036384583e-02
1.349791791290044785e-02
1.347626745700836182e-02
1.345066353678703308e-02
1.340794842690229416e-02
1.339475437998771667e-02
1.335057709366083145e-02
1.331937592476606369e-02
1.328101567924022675e-02
1.323802862316370010e-02
1.319511048495769501e-02
1.314931642264127731e-02
1.309703011065721512e-02
1.304375007748603821e-02
1.299823913723230362e-02
1.293256040662527084e-02
1.287294924259185791e-02
1.281507220119237900e-02
1.275728549808263779e-02
1.268549915403127670e-02
1.261603925377130508e-02
1.255006249994039536e-02
1.247547660022974014e-02
1.240444369614124298e-02
1.232139114290475845e-02
1.225013379007577896e-02
1.216488331556320190e-02
1.207856088876724243e-02
1.199569739401340485e-02
1.190863177180290222e-02
1.181558985263109207e-02
1.174285262823104858e-02
1.163814216852188110e-02
1.154027320444583893e-02
1.144638378173112869e-02
1.134660933166742325e-02
1.124551985412836075e-02
1.114599872380495071e-02
1.104178372770547867e-02
1.093909423798322678e-02
1.083244197070598602e-02
1.071943435817956924e-02
1.062216982245445251e-02
1.050597336143255234e-02
1.039124932140111923e-02
1.028149481862783432e-02
1.017241645604372025e-02
1.005155872553586960e-02
9.931682609021663666e-03
9.814457036554813385e-03
9.697587229311466217e-03
9.573774412274360657e-03
9.451197460293769836e-03
9.329454042017459869e-03
9.205910377204418182e-03
9.087906219065189362e-03
8.960050530731678009e-03
8.831553161144256592e-03
8.704897016286849976e-03
8.584418334066867828e-03
8.452005684375762939e-03
8.326428942382335663e-03
8.194347843527793884e-03
8.062326349318027496e-03
7.934485562145709991e-03
7.804958149790763855e-03
7.675586268305778503e-03
7.542432751506567001e-03
7.409948389977216721e-03
7.288581226021051407e-03
7.151126861572265625e-03
7.017685100436210632e-03
6.887176074087619781e-03
6.757165770977735519e-03
6.626076530665159225e-03
6.492406595498323441e-03
6.363581866025924683e-03
6.228980608284473419e-03
6.106591317802667618e-03
5.970654077827930450e-03
5.836289841681718826e-03
5.710024852305650711e-03
5.578676238656044006e-03
5.451915320008993149e-03
5.323700606822967529e-03
5.198327358812093735e-03
5.070734769105911255e-03
4.945288412272930145e-03
4.821949172765016556e-03
4.690914414823055267e-03
4.569504875689744949e-03
4.446397535502910614e-03
4.324588924646377563e-03
4.203397780656814575e-03
4.082810599356889725e-03
3.966039046645164490e-03
3.844217630103230476e-03
3.728727344423532486e-03
3.615782363340258598e-03
3.498063888400793076e-03
3.384443698450922966e-03
3.275521332398056984e-03
3.164152149111032486e-03
3.054900793358683586e-03
2.943283179774880409e-03
2.842230722308158875e-03
2.732076914981007576e-03
2.631645184010267258e-03
2.530334983021020889e-03
2.429413376376032829e-03
